# Created by Octave 4.4.1, Tue Oct 23 11:00:28 2018 GMT <unknown@DESKTOP-2HE4KPR>
# name: list_error
# type: matrix
# rows: 1
# columns: 3680
 15915848434198.25 7722448769371.6006 4736885332556.9707 3218265350661.4629 2337424479413.5396 1672918102003.8433 1323791280699.7549 1032558797670.2167 887677000573.83008 771238364322.44055 635019130648.31116 538838050018.47614 469298511953.35077 393198255116.18579 343686984598.97675 301036400756.3609 276560679381.13031 251873522222.04623 228830701139.3078 209398681970.21133 183740023591.94855 167324917534.80777 158702236422.76852 144319005776.6499 129368004243.03725 124060143595.13165 118648232837.18242 112726940627.65639 108487758219.05237 106249611018.46632 97960737979.555695 92181780487.411011 89062027443.639023 85191745589.249786 81421688283.796387 77569612897.299179 71282483482.702805 67980519535.736397 65500145725.216774 63283097385.118668 60853418169.688782 58078575960.994713 53711702507.44574 50792336340.343925 46962503525.026871 45977541275.305107 41067279506.212067 38855732189.234032 36852991170.407242 35493766596.590744 33433641595.173618 31602553539.430458 29455839637.804695 27764291230.771172 26717920382.921486 26077768143.960907 25139877174.87294 24384925213.442474 22963505189.60281 22040043820.784527 19931664396.076626 18873497700.808277 18351183888.32198 18552110508.997486 18467473799.341038 16865435193.026602 16672339958.625393 15054718126.087896 14873912086.842108 14737355745.142479 14863654168.499681 13699258125.155746 13100420097.324421 12245741339.417707 11697649837.596756 12002117069.424719 11007568398.788416 10204046902.768839 10862409706.092411 10772412721.821907 10815396791.738394 11081843061.46549 10776311009.347969 10124468015.86977 10382472957.69595 10207108361.081558 10643605246.739449 10515805527.436308 10697628081.115431 10677935883.902748 10959528276.780296 11092768470.784622 10851731553.113945 10847340602.00511 10275954552.684795 10645907657.594187 10136773635.084864 10196918046.866617 9557756472.3072796 9108930236.9605465 8743765116.4581318 8745037153.975172 8760868969.4206657 8782108462.6538773 8378557364.8145876 8121335589.2444658 7930837922.1601152 7881047521.0501461 7618976220.3335037 7813737622.7951803 7868024428.3203449 7717705724.3760109 8039767883.9806461 8086231090.7840652 7766429911.1088362 7085833145.8068752 6861803831.2845383 6699440009.6189499 6352200789.6696701 6151345198.499671 6256241358.5495386 6076317721.964447 5919990842.2888374 5714422016.8516788 5806973545.4346724 5713903507.6007318 5506764468.5275755 5273521796.6020107 5386199131.4033184 5397614679.0003595 5381688454.517498 5257195696.0579519 5292589365.5274029 5311676500.3042421 5363013687.3789082 5316684995.8578558 5129550247.952652 5435660704.6223679 5601590392.2920961 5432962712.3671322 5347622760.7175694 5217327507.8269024 5023319563.1104994 4910897321.0049353 4833443703.7718506 4632454050.3696003 4627232648.4742308 4597155111.5283651 4435982358.7571115 4582211518.3187008 4704863846.8886118 4900332170.0744658 4814334551.5195808 4587833060.0809212 4647446880.6896992 4439975138.2605152 4420282913.6342535 4388501007.928216 4521884365.2224312 4542475604.2046328 4444581171.5166054 4652168891.2367306 4782892673.6875029 4810989070.2927008 4575604268.3200922 4643702011.6464891 4575831977.2172909 4568384831.0254002 4420825189.8551025 4257574906.527482 4223897320.179698 4252871642.1009636 4220440797.1875148 4315090847.4343252 4337767963.5613451 4389649048.6518459 4290691532.2844114 4262803150.9250546 4070306002.6670547 4089977713.7729869 3946744139.3444514 4008865067.3051362 4271516144.8667679 4016086917.5022984 3889700678.8092828 3659989203.1447411 3849525667.7856236 3674419614.545435 3597906026.2364259 3726942303.6511927 3642407795.5571022 3634530226.3217702 3517882256.7158036 3628486039.3767495 3605341957.5815935 3439246498.580946 3232444116.7217689 3281192735.0099959 3105235248.3679628 3116051848.0398021 3091944976.797852 3054656388.4587955 2926022956.2992592 2978581232.069355 2974380039.2916584 3026513923.0996695 3005575785.8144383 2795157609.3446326 2728302340.7609549 2644668105.8972902 2465375342.0974445 2234992729.2572646 2226571482.57479 2284719632.0081172 2395151968.4569297 2322377519.1332583 2076126958.2219257 1971080178.2239103 2066291753.5328796 2097022358.9427195 2118339947.0163412 2038217734.5058768 2037219613.5215924 1922058340.3761628 1878131156.8694723 1908767006.4249258 1974506927.4261627 1983435672.6261795 1971940444.2022884 2104223400.1216459 2040401919.9210677 2075885255.861496 2101997094.6984005 2006012291.3217893 2000986494.0809228 1995851463.9678419 1966979350.3043816 1904276874.0704074 1748895724.9484584 1687754221.1095767 1619536796.3505781 1598403895.6398308 1608138738.1875842 1485869849.4498315 1425875304.2836745 1393486949.760124 1527112574.0684373 1450061995.7840397 1521094961.5245512 1460105910.5673378 1514275289.8566756 1478028164.657716 1537785942.7239866 1498638858.131501 1347114579.2313921 1269131059.9173458 1217026881.6437616 1196146772.7650597 1236012642.1139996 1200886759.8671768 1194975237.4889917 1168170697.0810235 1205969935.6753273 1180815328.9052305 1129724097.2152104 1071428894.5193903 1082320558.6591234 1036678136.0359964 956360664.64950645 932402182.86833382 975991183.91842222 1046870757.7086917 973039059.0426631 942054672.83449566 916913437.78920996 956447452.8815012 925435656.99305749 870159232.84864807 918278535.48275352 929315407.76638782 963114326.7334938 1018830629.7762784 1004223388.0281434 920612129.89822674 929244948.38835013 940218945.49330306 929962750.66910887 937748201.91390383 950386827.82260084 932598982.0546999 932503365.50535536 936800047.52783096 940508293.02630424 892647554.02426314 911680816.04293025 879318018.11693597 870229711.96064079 947702233.84535515 947870564.53483927 884905443.74563968 884364322.42409968 882968159.82932544 951734197.5413214 967903246.83059812 976033498.57290602 927106897.61752367 899219694.68160582 903362616.21708584 899120155.67795122 931813846.64786673 873991887.4917649 858486520.14977884 939165057.27957356 982056151.80373394 960659412.40891933 884754943.98637938 834897920.0188427 845985095.12505019 821414842.60735118 862477853.79230213 834040096.85365224 818338552.20556056 814164072.79632282 842146588.2501018 877758291.94371414 913732328.15258372 831440491.62250257 906969975.08271527 847430254.5945766 835386107.86468065 806065729.66632807 770160503.51420856 784411448.00923729 867538419.57107401 808482011.19702435 819755820.56733274 828080334.59127998 915164699.21017337 830103125.70382488 788755778.51922452 768917033.10165715 771929118.70644963 762558053.47077227 699075570.45895708 695698901.84906328 687860858.13466513 645239741.86939907 655822929.08089626 716859499.01376331 751788582.68389261 725713314.22639108 721429829.27328289 788833712.9127934 787172575.70010233 699600435.56594884 740686799.8004508 710430650.67884552 745689166.02706695 836943096.06827927 762528812.55698049 782510736.94250131 800952257.64717388 790028625.38621199 750175568.97971606 723289803.4399184 737335666.45627606 765836508.87031019 761004686.46933198 755400338.49387193 769868500.7032007 787705817.08794689 745225037.2599324 755188431.77350128 731410251.94984066 748370689.07100689 717650994.74357247 633465707.9003855 682519758.50686038 707168428.28303421 630747535.26480746 641458018.75723171 696976525.4720856 663479842.63253808 575108765.01276183 557873547.9235301 570154579.85062432 565288702.6583184 571103392.42854953 591316880.38190663 621167353.96598852 617769050.4013077 570224675.920174 565389596.76494265 568407791.24919808 636630605.81146014 610471783.07541859 549194601.34214771 541393038.16223085 530116757.45515078 497092301.332165 454158783.51747221 436736489.89000124 433421988.77992272 436081503.89997262 430960091.36498237 437781763.00495899 434586107.69304103 444972613.01847345 454846759.73846716 411258656.22965688 398766598.48193514 406412700.86631709 415391116.44871777 401163252.06741285 390486148.38682592 396560540.38322932 