# Created by Octave 4.4.1, Tue Oct 23 10:57:47 2018 GMT <unknown@DESKTOP-2HE4KPR>
# name: list_error
# type: matrix
# rows: 1
# columns: 1482
 3969154967985.1968 1963801800639.6267 1210583374320.8767 763700261110.48132 530711587234.97455 415423999710.94733 313130949069.10406 247869723382.51202 207696259819.89444 164276683513.85849 149840228027.31512 120394259286.66628 107621047602.24336 88936914661.020081 82094674910.725845 68625933233.315643 61502033846.020699 59643387278.32843 54417366282.189835 49469702854.263863 42886578184.531433 40282243977.705872 37646397998.725914 34176599190.124279 31615115163.75473 27265312124.026981 27109618316.998043 23551956320.067509 21607584788.012054 19273497920.084824 17484939847.6833 16451443535.350491 14578689482.905397 14030945305.248755 13684593720.265182 11556875110.37225 10911297483.191946 10270204799.124527 9905617580.1386642 10087197916.069036 9496583988.2445602 9481283758.9310856 9494253995.8863239 9147834015.2497807 8396866200.9568691 7863529359.5159922 7693653365.3449011 8015943576.701829 7684562388.6437092 7558558190.8767252 7687759239.916626 7070337878.945857 6796815899.3354759 6842338241.6002312 6205713322.6569614 5407253168.0051632 5602239414.6127386 5804660060.6110373 5303034826.2147436 4998906913.1202917 4853157970.3640823 4716494984.9231358 4767471460.607666 4696268965.9934101 4616493396.5851326 4477958499.2313194 4370307493.8946915 4569631244.9774475 4482235868.7540369 4504399428.4346495 4493485352.6952305 4729490317.5857801 4354552061.0703068 4065379072.5690026 3632168146.5256438 3664794664.6665063 3392761630.3669205 3646154401.983614 3675727311.7530718 3929277934.7231793 3933531278.2095799 3967027503.1619935 3777248133.4415054 3797124373.0314169 3874517484.1539946 3988734823.3715444 4067921666.6700048 4356874863.059269 4073502097.779593 3768123729.9898014 3864784555.7430358 3747493422.7681718 3792561888.6423836 3720554395.6422658 3276158496.1590309 3116956500.063879 2980615863.0014629 2977146637.0157304 3161173425.5928369 2615590596.0735765 2586220688.8987679 2376300759.4118228 2574861945.8372617 2491629107.3532515 2503125496.043911 2576456699.3687673 2492481088.979424 2471212437.7252536 2347241697.084414 2293114762.7127776 2163022194.2700949 2023941388.673588 2026137947.0861216 2008540592.5179739 2138983237.4080038 2239106639.9593902 1988503929.686583 1841636952.5895765 1740672692.0554841 1809002848.6606667 1773472173.9931564 1825402796.0314212 1803127131.9785063 1821368202.3081694 1824390728.3292921 1702034934.7358844 1513866512.5572064 1561589407.3154757 1686609105.8906329 1737837994.6341357 1477691173.1795223 1520555397.9411235 1498739492.1344411 1538052757.386291 1438919532.9012928 1391106570.6687658 1460221995.1048973 1454801105.6227882 1575322148.1511471 1603252786.1374791 1553042299.5331321 1335534886.1829741 1280380187.5407233 1289554505.4660296 1310894086.2111127 1128356836.7029779 1097027011.2870569 1062479701.5100577 930460839.68268001 904074406.30636156 937902469.82283533 913341889.2013303 830330357.03685462 879224466.26376891 1014386230.4041995 1104353425.637589 1093778168.9024372 898401279.11113131 892566595.12970304 912185911.16952586 869994154.60120392 749305999.27576721 727763158.99668479 708343120.73005879 804389682.68890941 724441958.35732818 713906585.09752417 810004961.76418769 713064159.16836691 584726700.91126919 573584241.38115132 577711273.52055895 576508781.38513744 545231362.2038939 571569056.24222422 704193081.45924711 615737144.64765406 562197175.61283064 591311906.26303399 630123760.4740423 683473395.08230829 581896970.28917933 568762390.57804823 636605482.13576686 557285245.25043082 530619033.86272728 608805337.54553163 659401475.28225172 620778739.82327461 563771853.17037976 507272387.37903929 556285944.96089804 543459798.35543764 496611526.66243911 520207467.86431473 534084917.73080337 467362269.53939044 393534792.65216678 424020611.64288604 444451992.45144647 481156857.36796027 421866243.12870395 389622380.44528282 406077127.19853759 479911124.60898024 464296417.67505825 406601998.85336798 419049801.09362805 452562098.67951393 465531195.43254966 435658961.19178689 467400400.59757191 535278842.63040942 488192040.65194803 455032397.1542539 465152473.89184326 450433076.06587613 434356718.31443965 531176111.48001474 463557521.80055887 431642820.43265593 430281652.63627267 406461725.14162201 410113982.96173942 472610706.96453214 422372952.44575745 388645849.30673319 463450900.21693969 395537751.22000831 474846505.06114173 440371796.87335163 422539479.22598416 476007606.16119814 405323731.26746339 414879355.15425622 416423279.02587003 343864473.57562989 361202157.29837483 376303338.9742654 313471729.91305572 324868825.12339908 310851126.43673879 289772871.61551124 290167902.51787841 303635472.79198873 317229278.45816845 272569112.08855945 305974662.704826 269521687.76903373 270519560.78366858 321089387.55284816 275066697.52309567 242385891.3486867 239814833.40463504 224013874.85082129 198124891.32859817 223343531.12325227 243257277.94723326 222625411.56680599 232994693.36332887 231754320.65698934 234556792.6046775 201388840.10958043 209443603.80012399 201501407.95498455 184086226.44271705 199330365.82000384 246920278.74506396 205926542.93188915 206482197.31459501 201216378.71936023 189521522.29302159 186998388.48182258 155965575.38017192 179659812.64596343 182490490.34106517 168116465.20573971 185977072.39213988 212906640.92920023 185218523.95316964 205609411.73506391 161786017.01301435 180737732.99160287 215668635.41209206 176856983.15597403 207171985.45071137 181992189.19455835 213791323.9876897 185455281.26723334 183250948.41146666 228486168.98599651 238086492.04973561 252467067.73781514 230376875.29878813 217243687.96677923 210704475.91928193 181854691.57569331 202866961.99241048 215230697.54750085 180101729.14949244 204085562.01781812 184068811.78438735 158556212.09213048 171000629.7577202 157173373.12527266 168994546.75507537 143223291.04176107 142006834.34194416 149112461.19239143 140698115.18334427 150554467.04724303 135828044.77739227 117364565.69742706 147552065.33183375 110394268.21662365 120006792.92497545 109131099.86013202 121762287.38554214 117756074.39362606 99698339.79461728 122417145.09309247 114592085.58963573 115173705.50758253 137191842.27497655 112931745.50813875 104335805.57025793 134524690.54321301 99541562.693146601 108299961.4946367 94561709.629437372 94606783.482030541 73091863.168672964 96030131.026664391 78529975.535108164 90639926.50769262 84983420.807101041 96495373.818633303 108266033.17113039 79576160.078805357 90469992.255407885 96074264.269577518 96909033.358062223 103295725.46493809 85134133.870507449 95267026.814007387 100645860.62789419 120774763.11691746 100110777.60491705 86658689.601443902 94410817.840595305 94115697.694169804 110395360.01411684 97437465.897102982 108647614.88249159 103153317.13253745 107942971.48448801 105173479.29962736 118914265.69196105 102426634.55212153 100849370.3575121 128029940.79371005 110001421.40223451 124159274.18395837 96675038.136657387 122314877.63913552 107723463.86114095 109672859.77154095 111499424.64940532 93606668.785159811 127654788.57778291 97151446.855456769 120946125.84362349 105381860.60948887 131897195.97386447 145002918.68480992 136915505.71564266 140563847.71595049 141445493.59538779 130461659.80957943 106019094.74901892 107038688.99105951 119443176.77040902 108560038.12375043 136033303.71390128 121542565.81178477 101738793.32109766 151120705.37673426 145323602.27846816 144915971.23639917 124042749.25099029 107182946.71100719 102889789.20319946 122141688.96638449 121498919.04679617 131503970.75773472 96592741.915001243 126529873.46691665 102979521.50006667 125124224.99328284 123017405.53558876 134760640.50664413 129039755.48391724 127129288.5075278 137492162.84640384 141483764.98086426 117986792.30817704 145725410.44159186 176425963.16058707 174159244.99840614 173046293.17438778 162752439.11201325 151322741.16496435 150663176.96245456 131371173.38900448 163857028.11216614 