# Created by Octave 4.4.1, Tue Oct 23 10:58:32 2018 GMT <unknown@DESKTOP-2HE4KPR>
# name: list_error
# type: matrix
# rows: 1
# columns: 2295
 7093225390447.5508 3494713757863.4424 2157420216149.4392 1496437651620.332 1062122004497.635 809824081752.07727 614127260444.51733 501089516321.29004 417219210870.33295 328815385080.06384 273211994422.94501 229194501571.90497 183231706959.66397 156214729285.90292 134244252707.42851 128481548899.17403 114902649040.01488 109226677479.53731 100055018535.92432 89223095811.132828 87625897915.958145 82146221941.921967 75611028312.079498 62940128698.522873 60456657772.640846 60122426991.298752 53636840414.712914 48365985527.352798 45928060419.335297 43009024052.428322 37238496034.778519 33987448074.291424 32261693101.504814 30772490190.2682 31514040718.649033 29534114491.847855 28656001147.089626 27053774449.926758 26119256729.062534 25481608088.913536 22386812022.220554 20980607947.950966 20545102227.015869 18266527766.487705 17647148257.590305 16879099772.123035 17180511429.259472 16610383388.825092 16569708086.321091 16347619145.407276 15547526016.245462 15028538090.904428 14100512023.775805 14777305335.556641 13416536643.345999 12175481049.734474 11101559962.049973 10555267464.113972 10119415904.793476 9627012699.6946049 9307591833.6723137 8637346789.6636772 8433030433.7007866 8164938644.7766886 8102280350.7373266 7929603278.9355726 7799767822.887126 7839734040.8872213 7949781123.7551937 7952903116.0229349 8000546075.4659204 7436112349.4501038 7957182885.7596865 7453164569.3786535 7158115286.8904705 7140351615.7831326 6822455771.6546173 7220128284.6218233 6953763747.7095318 7212290177.2843275 8070470240.2655993 7924303744.9430809 7154040307.4869299 7411043150.9288406 7431732264.0551634 7024847299.5019169 6351844940.4270754 5777454619.1199284 5508679964.585228 5326152451.1701403 4913469916.5734844 4637384531.8099279 4001996019.6630907 4209450957.9478569 3936745890.3866868 3796700467.808866 3643872564.7774777 3509562625.4570823 3451137579.0751143 3439205446.4283123 3488399752.5642571 3289121463.9007196 3224962516.7373495 3338629615.6967974 3514065900.1325555 3431172446.9327626 3229040644.8411636 3132409827.4850163 3125732211.195951 2965594848.3134074 2874699398.9007025 2690362384.0896087 2499489642.2166381 2327822304.4208441 2228272448.0768499 2250261796.2475705 2097830417.6029897 2125404532.7964816 2278376518.3110638 2335845487.595016 2184161301.3614531 2183730656.154458 2182094109.5065341 2141565483.1423595 2046855199.1779578 2062761653.1607928 2133082418.6636083 2197898767.1876893 2308160952.1009789 2140474892.52355 2057998254.11199 2081554321.6733408 2128797648.5728595 1971090927.825489 1976939967.2438543 2116850235.4354484 1879260912.6997008 1773188423.7617462 1740592101.4991207 1720917342.5545287 1694383113.5628784 1725927178.2608356 1826553707.057596 1672387830.114732 1555826912.5469959 1465671741.7275848 1453453878.2440751 1450382739.288343 1367276267.0386689 1288067201.6756554 1306501082.6266601 1303839675.0893552 1284703400.8829129 1342418041.0571377 1295570805.849756 1158984236.8956578 1128479986.6465645 1135976629.3001137 992999464.12256002 1017121558.3919266 1004001641.4431926 1061887535.8687637 1145823513.0881691 1140152833.887569 1105225556.6756065 1167467052.6201158 1177794538.3680489 1179596023.2568991 1105681273.4494104 1021769092.4764352 1038495480.5292736 1160649684.548955 1214343561.1157806 1132148651.2153127 1030428273.5052011 1013513873.2530646 987000385.23115504 911107494.68832552 915241096.39700592 869210071.93181765 977787584.94764972 976956963.91525304 958235335.40304768 906139640.40469098 847429661.44829905 838746491.53590786 901655966.77715409 928518224.35330594 904046308.36094749 850453148.21606076 800760615.04246938 835174773.54560614 842559673.37072527 861888877.61636162 951586806.29974544 893326300.34546566 832046302.5965662 835677212.84469485 940430173.38508439 886518907.56916738 798538292.78664303 801670918.23929453 850526709.86975813 897201255.42002165 906319083.02971101 871852213.80779982 853563785.14881623 881853579.22946537 813850575.79292536 709456549.18360686 807088976.60525239 763203403.54556215 844912335.78409123 905426656.03695595 814617633.99885583 760862527.87728286 834572570.91753256 740206050.45958436 771388879.50134647 787451014.24949729 768409300.37957454 840983893.98351908 882184737.11756158 837874522.62082207 830496133.96525383 746263186.57533085 817795651.95934725 748551419.78107095 702330016.40298331 734728079.23932016 707596273.95158064 617152200.00161016 562161579.70941496 606569267.00009227 569468131.73529804 588920630.94792521 557763649.19371736 559271058.9694984 564620652.55753875 576695779.55481756 583070813.362885 550289966.27367842 495328093.35539138 462946770.88086718 550201866.5255444 562667836.13167989 551506866.68554258 516728454.72512096 523620500.3640976 591306227.32838631 499556473.85995895 505885942.37774426 539171503.10105896 512474195.51243961 478015684.75417465 482985376.89488542 481433054.53536206 452560990.62217391 478081305.05529928 499228047.88174993 447916561.3778109 485315764.71960133 544616983.6698215 568248378.87763822 547948072.33825493 508146110.41736621 545325526.23862445 615154182.11480033 516044463.66550577 573393328.09703135 607685021.97870886 593527636.637532 577001180.99451804 579336843.03692949 600936362.9335376 539654612.60214186 522003762.54858989 510886498.6721043 553629348.21004379 648642913.55156255 591650244.55388904 657600857.3137579 742693889.20758045 647095916.46559989 587134085.38839245 642049426.50575602 692579361.39397538 733476579.34615445 714662082.12316954 706639786.71269608 850468449.89132094 759826379.2270056 738293659.88671017 750487676.69837308 683545307.24812484 636936910.40482032 667701656.06285179 728582250.28550696 577913096.64417005 659085097.11916149 633183896.19629145 610316736.00110602 572583039.76979554 615022241.02548778 583843854.26153505 539066946.74702692 550177200.64478207 575567415.67634618 512160543.84312087 518116929.43583035 472889136.17318773 514414171.27516443 484082837.40767324 407715434.0742749 386636027.20113069 408680553.53047901 352509693.13326764 325114049.81197643 345839555.74655157 324843472.61191618 353662798.18001252 386240850.89950019 332621561.70415431 343337965.57428735 390445644.42127764 387483774.75158906 366310244.25932711 384431409.97534668 342681572.10971713 360606749.59438705 377383693.44372654 383428709.20976543 377077599.68161285 357875319.74615312 378548472.62612724 361576922.21452165 333448847.7593866 383441683.40534663 433192136.27243716 421631582.35315734 402692486.45373333 419177850.70866686 415087605.67493141 378320663.38054049 393928757.49345487 380386616.73344195 325069748.57919872 305131073.97479218 332433225.090105 312879654.589643 291925598.85128975 293695379.98774314 244352585.20126861 256156935.20792741 272049078.47112209 215481941.49831629 233620467.79758888 260597058.47901058 251896531.69833595 289916204.63234788 250172912.39451453 239260645.52584004 269184665.62636799 279792471.73780805 249701539.58983815 237222324.44443962 207418721.21338689 223827634.2968303 199936746.98742405 201262315.23407546 246803273.01725075 219700422.98290077 225566380.35620326 227378331.15987346 194247845.38200974 173087209.09560677 213100261.6272155 178518646.2367056 181007340.88388827 176799663.96214938 181215410.57006666 213059252.9972035 189694251.72321618 173287635.82028386 198379036.09913889 184074892.67055389 180217968.44571355 206989626.58630124 176627677.27726239 178446594.15787822 222583336.96283454 194659179.63917622 191068195.10366723 218096134.84990653 212114110.61439776 225880202.01905498 216803181.56074369 201781193.41444042 243910872.43387201 218984878.95612958 239314105.82064784 225905277.15373316 223050423.48268008 261791616.79160118 229100445.29755798 224058199.64801347 250693459.89548281 230153695.08735007 226406011.61438373 247550868.51165479 264515817.68564433 240104173.06049958 245206501.39166933 281587869.9418956 231502578.96040985 