# Created by Octave 4.4.1, Tue Oct 23 10:59:21 2018 GMT <unknown@DESKTOP-2HE4KPR>
# name: list_error
# type: matrix
# rows: 1
# columns: 3040
 11245692762473.9 5871621612307.4951 3609354918584.5923 2174288131547.8008 1523719333425.3608 1106287743989.5203 907623221735.93652 740691418264.79199 634849773196.87097 514999180942.81348 452993274918.97888 378951956734.66974 315288480865.47626 271919481145.83908 249068299741.0863 230467297513.22617 206742219017.79703 176996993298.50229 152635503662.97913 142757264800.18311 131690865784.9337 116862405102.3511 100988751936.61403 98789055580.316193 90844412561.534561 88827559239.255066 84247566522.976288 79111309953.104141 71581947927.716492 64726404781.555153 61421601412.19323 56717674035.053719 54008140754.381218 50324053366.338501 51886636717.443703 48238434935.850914 46333720141.439903 44725443129.526085 43946152199.077827 42392510178.904602 39284289405.542671 40904329469.181923 39703150572.725266 35293585198.018593 32354658890.844841 30005853937.927517 29651059631.825874 29628632933.776001 26324760124.927204 23678080551.756111 21434652112.99334 20017184856.862621 18491019534.070782 17497044758.608746 16816059014.633278 16746394833.217155 16745677516.280937 16941511277.860277 16913230070.335489 15442532197.463753 14800351714.089436 15099703363.373388 13840366260.539715 13523809663.255745 12632296758.041641 12808885866.055027 12557996151.284971 11403833363.188437 10948138699.044941 11009225361.205238 11179449334.532244 11013946913.845043 9965497566.1532497 9916355788.6432018 9533958956.1340408 8899361918.7315464 8577987604.0135784 8209501692.2271938 7913960631.9036627 7730090858.0083618 7422181333.4191771 7509046697.9891911 7248225584.5828724 7670447695.9840012 7259564167.476531 7149078368.5628681 6563431617.3127298 6513182369.4954348 6476557325.8806105 6560243401.7921295 6214558958.2701283 5994969465.6527719 5776392114.5255203 5766636372.1016626 6298452489.9196873 6523147773.6106529 6427416850.7389412 6447471320.8488636 6125933647.8564777 6209267571.3838139 6531986335.9208174 6131893590.4177256 6014796742.8309546 6159817666.5371475 5833164957.4999161 5754579724.84729 5508375852.0548487 5111840591.5038271 4936461053.8273802 4865894505.1117792 5041595980.0679207 4732808811.2813997 4796598307.7837696 4865267890.4173765 4759535017.9820566 4574616357.5909357 4546915044.0547409 4588707839.4165659 4420175511.2107143 4416030790.6929121 4187010194.395493 3975150682.8359866 4083984443.2277431 4052579692.6325645 3915694714.4752016 3791724338.6223717 3725226234.1512222 3577301629.7538037 3619685403.4109945 3681536864.3357401 3658944505.6636877 3393304739.7266626 3285295789.7343602 3289114410.2153034 3258572178.2490692 3272596156.4544101 3246012248.5992284 3269239060.3757343 3252514499.7461805 2957365737.6051755 2736168223.7310343 2702028121.5201378 2631002438.199347 2422172069.5579076 2517832844.9587107 2645214112.6931114 2651853553.6637487 2429916949.5443935 2341704552.4593587 2262385995.7200193 2112047717.5687792 2160188733.5721312 2214020734.3455648 2231416489.4699297 2215213089.4457717 2201041722.4562945 2114247236.0597217 1871469550.9552712 1786473812.6579502 1761325334.8646243 1766085376.4054339 1645584001.330317 1529215083.7371995 1601605191.7364519 1730692521.2736995 1790187907.5516813 1892188391.5034611 1791423924.5063007 1728636117.5937927 1611892742.9457102 1542172984.371855 1588943861.3872099 1631603696.5077949 1814628023.6907222 1881055565.4297326 1842269532.6630628 1698571188.5678277 1645098631.9553432 1677230576.5717363 1791726259.4445837 1734997626.5949399 1561545294.9857197 1569400719.4327495 1514099280.0182514 1463063563.3750105 1375283732.6370523 1280150073.8308544 1250635673.717242 1314322676.0696459 1341656921.1478467 1430156302.7555492 1454239818.8515997 1362768583.1173151 1334745744.4276488 1318091326.1926944 1339583261.794533 1407659874.4001157 1381468290.5125387 1282674765.1593833 1276686290.723187 1189154015.583113 1166994721.5577846 1129046124.8684993 1152708983.4817131 1152005711.1892996 1184634374.3065448 1187589408.9212773 1052569063.1464339 1047376711.4501169 1087651280.1799262 1009618009.9931853 1021999134.6892977 940010360.24163032 924321005.36977839 884444748.62678933 823118427.14613008 850589726.20460665 791619268.00248075 709609901.8485378 692230560.49690938 700971750.45975804 762358947.6046207 793491162.0562427 792236428.65869939 741444065.23066759 729030918.90126932 822144712.79583597 883236584.98392904 777621427.92587364 792175127.25749397 813374837.062711 835467979.80685782 813721013.55466378 837106048.03199506 831484526.26762319 863477286.99080646 848767476.87322378 772021651.79907894 799008718.49485493 800594264.04939032 746970956.59365749 716546132.91880834 723794248.7091974 727335376.72702765 641147378.81263316 677988755.87910676 684726605.74724388 634828405.07685995 603160485.03602898 597058459.5030365 620477747.20145953 599018451.03296709 565017946.52434397 514237788.48258084 592195201.44677675 603471293.83405757 580124098.32997644 585560600.03817737 594376648.63431144 569573608.35735536 520622140.96232045 508440646.3223331 481230771.34086436 511918940.81964594 461304099.38961726 475277394.22926039 475193045.05135328 455835022.13902879 479374485.69158018 497677105.80230433 533986423.53890485 485615822.00572056 461554654.54496974 518498593.41642594 550857176.65682089 536823933.24518269 524458020.90684444 520068728.89376926 547121093.1526016 587352960.1097163 561968536.67634118 534494499.12031835 513172281.14160323 536319128.45903772 526055592.03499734 511181839.84321964 458459113.95521331 454334984.14148015 484913001.59766603 503278062.06309497 486693957.44600588 455897254.38110268 474066051.86987811 444097597.12468261 423334708.35236931 436554774.84129328 472070231.47930962 429066819.70033646 385854415.6666382 378501924.10895544 443665732.75486821 449173807.87837338 421206217.0750913 430193409.99744141 442142802.86134434 368351294.60020101 384727033.43979603 380462703.3399902 375182234.82629818 362063487.88356644 338096447.70170045 379422157.4264766 426347223.79641724 443837946.69812858 411406218.5301652 416618503.34072715 400941844.64684886 415539879.73768729 376035941.94003618 378122621.67041749 428432626.40296865 394963092.89075577 375637483.22174525 365513873.57830268 399789556.66879135 401145446.18009728 341927873.26810008 375730482.38654727 365101199.13834167 340214521.4027009 355032897.693542 368800026.62691844 333219735.98344129 357197865.81585598 376167289.98773777 333874230.42021388 334087706.17058223 335182562.73236215 315690695.84621394 300477213.13786918 287927101.58836895 295011741.60813713 303506388.21521783 284738442.54500329 271160176.86491138 294678622.94804108 272506301.21709359 246153104.51490331 235494217.9687537 255977880.29323906 260694164.32510433 235923461.49294817 265575753.42616421 253624356.09719723 250432020.41010022 260857337.85211051 242716987.12227172 230839633.33719632 233096748.7363165 261349431.72537932 268379839.06121215 241954666.01109052 249823821.58016667 235556782.81410766 217098514.48456129 211377846.91677123 230524966.82094103 224714579.27323297 228023870.74981073 240364309.94690448 257961671.26406094 250123013.29218203 243157126.74934652 254210418.69139621 275681947.31053936 246070868.59858996 236671122.32453129 220333241.3089923 226620494.29588565 228805583.65579605 217917194.40271983 211213679.66938844 206397494.18217435 186506750.09458101 198830661.97403294 224816614.25162533 199073929.58162376 203015671.27765894 222930200.08409786 224048284.37436768 206164705.14583546 206877905.88557637 220156298.38276997 232469133.32142395 228382730.24264547 233400498.49550313 242901070.72624832 226367252.08998635 244011413.0277884 244505176.6034537 248472902.29964522 245383687.53369114 245923090.61218947 214715057.33926955 230820369.90097517 227905833.58637613 220571466.73091131 225031058.56149107 200669967.72740784 214057453.70337924 223482986.67624441 239393956.91120264 223485995.19524944 209053896.06753933 233467676.6499823 