# Created by Octave 4.4.1, Tue Oct 23 15:03:33 2018 GMT <unknown@DESKTOP-2HE4KPR>
# name: list_error
# type: matrix
# rows: 1
# columns: 1211
 6915931994580.9502 3495886325567.5166 2129701181973.8184 1408877723070.4819 990439587285.90063 748431440724.07422 570367653341.80176 461491163396.60321 387851566941.45758 316844582647.09302 276435593106.28979 231770523917.80862 200000430014.03345 178137215426.32129 161426155239.94275 146322770801.30231 133600943966.41415 119559331707.54169 110502157953.47092 98235026417.486923 88323406575.125778 77078280376.561478 75804291548.590591 70054145703.50914 66847532241.159866 56813042859.230011 51015864250.52124 50404773822.28035 45656790446.526688 42334460043.476898 39730866587.533745 35131516622.612236 33971323284.912647 31124994397.674332 28786096566.177422 30388800438.425125 30643843131.407829 30544108845.024872 29137997139.331966 27751071531.963844 27767768739.717773 26728475946.738571 25676335869.890579 25029213569.752602 22610741962.68256 21188251302.541592 20241456426.411499 18180858231.507362 17051323676.739086 16227861929.713598 15501540899.769203 15325556202.61668 14207558287.582834 13657261228.605896 12858233015.06044 11985295522.99531 11256584513.355375 10517859303.512098 10255984740.377447 10835410207.853783 10535042276.502775 10571690071.433411 9631637543.0513306 8936331636.9139633 8465929431.0946026 8612386903.6771069 8800061511.2746181 8588288887.4414473 8088171350.4401417 8359616362.9067059 8167719678.5479221 7412206477.7593307 7187493080.2517414 6520076054.3323517 5859434877.0213776 5873021227.3871155 5439947594.6363688 5700306994.5858774 5476325668.7007866 5132460598.3384514 4973256083.0869923 5164924675.413765 4964722274.6262312 4726313283.8745832 4716648721.4949789 5241040141.2918787 5342271520.0678396 4919572866.9782085 4763130017.9349318 4337397295.326889 4080961317.2766862 3710322179.3992481 3701974247.5407434 3729885581.8251524 3436721912.1688232 3281847796.5883861 3281608104.6507244 3164571409.2310123 3116593132.0574083 3300492151.7342744 3233561277.8700581 3150683060.6415191 2958047719.8659201 2658524915.433413 2628330126.6913462 2463099745.7994123 2585969544.5296388 2579704145.6796775 2366544341.845634 2406067748.2545004 2364501267.0381985 2185180348.3268666 1959929375.1931233 1872328990.3507655 1839895825.8320327 1855204099.1175475 1617422612.8375401 1669254707.7437475 1677147153.6956701 1623593187.0076058 1639976588.3093569 1472308171.7545791 1378022867.3933289 1267039301.6090915 1281621663.0953853 1332402429.862272 1378272488.9396923 1347812978.8964634 1328528286.0012734 1284642070.5789459 1290807813.9240341 1316201056.4848576 1279260572.7148685 1200017008.6253803 1167145914.1460028 1129458243.9578464 1212854442.3299673 1184225656.1596954 1139498727.220273 1082253524.8915904 1059632444.1850395 1046930109.1939745 999365704.8079927 1059584580.9820887 1091690201.2428265 937837023.16166139 903595736.67805231 919629665.54869175 861926611.55417633 813069277.40160286 855404592.96592009 784887467.37663007 783217648.64656293 736079233.71910083 747696822.18464172 738997592.15580928 805770494.25705957 821079766.67434895 896032027.53518116 835446139.58848298 805943435.63486862 800999384.93621933 782829929.21902835 761733508.29189694 790939513.51982784 785669114.86720324 795896558.5521946 834909233.58941865 809644309.7237457 801195360.65540195 841671251.33913338 898210109.0796082 1031079694.18801 956939268.00282943 966294966.59614778 929263830.09840488 1026417827.5224415 997847039.00557911 972124607.46561277 954540881.13843405 875908225.32334995 945339476.16706061 1030452057.8117965 920684329.25142956 816402243.6871506 824090529.07199562 850691048.23715937 742052735.72690725 722967511.20038044 770096721.97596943 767936801.95785725 698905107.98424995 658565699.80876791 652408445.21302283 693554734.09507978 753291467.65234947 701152470.76244271 656110765.87874663 605801364.25336158 601296904.93965375 654313609.35280085 678323194.31216311 631260570.84444547 607072852.7229346 573922265.4715277 546090862.32179427 497450082.95401645 556445152.60175622 519053409.71695125 490159476.69133908 513094412.32317376 537426983.88883746 567559896.13812256 532896029.07823712 529522334.50349408 514531671.11548877 508031545.67923898 523768575.40769482 607965459.77303779 547070796.37501383 530758172.59925854 573830693.33800578 569063408.49147594 537133002.4824928 502756677.47784251 490424390.42727405 512201590.22016162 483934814.46346986 469802281.32325321 499341973.91125262 527540779.22011036 458773229.90196085 484525590.76747817 528545291.57340807 495861897.66300744 487018744.5618791 480844854.45837069 480911653.36378336 515568618.30611062 537589791.92073524 478963828.26104498 487213938.81592751 501754131.11499751 525625980.87838054 576385601.51803136 514328334.77657533 576856112.20107949 548872083.06166053 515653447.69027543 520565052.34589553 530639671.77570653 474176680.54142439 449386810.90536034 400274288.31148654 415100683.12670797 439661262.30689174 422935906.00772297 371922171.90673184 394133235.78785014 390684197.4825874 390730345.95020235 388907977.60991901 410443546.95428234 393043722.71274501 374177080.09170121 381588096.5829317 416588558.49533105 419092171.47374189 400986790.79004854 379759412.96432656 386332493.29182905 347435261.23681206 308976808.85381269 303271598.19861764 294882046.99407232 246314736.2940498 244647985.3849822 257384461.14207384 278547467.32399869 255530272.8194347 256051753.48860738 269816060.04046094 221518855.13794675 224032660.89384431 229807848.17268038 200744245.51114532 203195940.12694123 228024823.36497605 198117725.87078673 191379475.83574921 197809685.68025878 224246094.11477685 244643964.66075408 207264047.68587548 219740508.39588413 224104827.86455721 208782924.30536613 213226083.29957017 247375431.37607548 224224795.30446884 240245779.12044132 251217450.69015533 246452561.32696071 257828371.55469239 283245794.26533633 276782375.09405345 274626060.12560642 266486910.79404223 329800450.48976135 319981098.42265856 293196719.02174449 297810290.62865126 297092587.51803786 322293468.82583743 310405989.30409616 325643824.48422259 273847266.48000634 315591709.00526732 340819708.47670364 294465977.92518806 337606763.5326401 306689646.96349728 308364482.23078012 304549788.82050347 274605667.86248577 291878733.521617 306067736.20820189 276667786.92874265 253638336.2337054 267313607.54673776 269096834.31185776 296792987.65375024 302964183.66114306 285968447.13239664 269219073.84631646 295518841.32419622 290338511.3493799 312996844.02173406 341807427.78615975 320173570.16901308 290384796.7262392 310620223.86871314 343964308.69085532 314726855.07330388 339850760.30081189 306873820.48483664 291454267.99128222 291780664.03054446 335174093.6636793 316635412.8365854 299791606.02102828 331418855.82695162 302330402.33521301 259810330.94996586 289770803.24721283 306606532.78589189 309483574.9552232 295063048.90630084 312698074.69260824 310452805.59456605 278504848.87211263 299438654.4369297 259552801.37359878 239490997.58584428 280252864.47521794 260298589.61405566 253838181.47750577 240473253.45729709 238453253.6704171 229125964.60170805 224767963.17640546 195886334.40579429 174391676.35927027 198306629.8213532 168302369.74466234 169466683.73117495 195260730.08544233 161565963.45299429 180549484.4886764 213099976.50335908 191301179.58130717 208213024.91052982 192504702.95755661 165888715.83938858 172538123.61621672 195506179.15377748 211186495.00818872 201402113.81690845 207244015.91420379 189597311.46993634 223023235.92583978 253884541.0415796 228559057.61189127 233081431.8363122 197019835.32507336 176730540.32917094 185742962.98580599 186389822.92521879 176107682.72052401 183962194.85307896 190879226.75250018 172676606.03505808 175904032.9165028 226449658.25372773 206622886.41446415 229129692.59977302 182448056.87799591 194598993.4851051 241308233.84326577 204949862.51088086 189723367.09204209 223355160.46496862 215384254.1242364 217167476.74313861 203006645.02445763 