# Created by Octave 4.4.1, Tue Oct 23 15:04:29 2018 GMT <unknown@DESKTOP-2HE4KPR>
# name: list_error
# type: matrix
# rows: 1
# columns: 1528
 10890388811335.01 5566112519743.3994 3296139372805.1768 2217954776900.1523 1528344006656.0024 1124386066439.627 913966082625.28992 790510098347.76538 641984773213.26172 541455178346.87885 442508680918.15918 370081851790.68079 305081800834.01044 262952455965.07162 225280594305.52206 202459681972.48181 186169290666.28375 181136087088.37201 150120484631.01599 136127319637.97749 122596179199.27959 112864446944.48651 106728541091.43207 93368008520.076599 84050550019.906616 79049942068.66568 73029194008.083374 67853853804.364189 62066468128.99382 59213833997.260216 55697893523.475014 54408223121.870384 49864942754.83139 48866832175.845314 46563510384.258476 44573836716.128769 40260591137.443428 36689621256.182571 35400800247.606606 31895966862.010559 30241509807.906681 29063482163.778511 26967015844.797276 26103762314.522903 25764169789.373928 25121467793.771011 25216507422.270481 24208510961.908134 23714393315.149414 21688192217.289478 21521046612.217228 21606447888.939331 20349293207.858303 19569155599.480331 19655417822.570045 18863065774.533009 18560582144.792034 18131962334.01181 17500883605.792313 17512797761.216587 17414685036.458786 16081167644.690699 16522350520.588699 15913665756.28179 15381012405.734024 15651376215.141645 15248641825.733313 14715807100.732563 13769343148.700256 13779100572.905687 12099192304.165632 11482291555.198238 10845859516.185236 10479127006.129072 9567186784.1866589 9366148515.8033791 8846727875.9811516 8931103321.8481674 9169130089.5623341 9213211828.8706074 8711946703.9010792 8305488737.0775337 8223549872.5033445 8196793320.5286121 8181652289.2125931 7895533417.9689922 7596633484.5941877 7412463057.9218454 7158653864.7463846 6633865172.0697708 6534627844.7957907 6398768643.805562 6578630391.4609203 6239704893.3070087 5486492918.3255587 5169221117.4716692 5144994699.7235022 4969901770.4001598 4967704325.411231 5166750643.9400911 5193982259.0271969 4815396612.15485 4797827628.1355743 4781195313.57129 4889210792.8773727 4727449616.4882545 4803179229.8827381 4861799901.4428778 4536709786.0049496 4364680120.7497053 4395476068.0008821 4254860709.9097252 4332824688.0535078 4124103028.6079502 3978222816.3153014 3944812118.9216342 3940624709.1885524 4062028326.1591311 4039036234.4632268 3604907320.6826134 3415906570.0237584 3470724439.0603786 3468682259.8679266 3305387188.5698633 3250793082.6128592 3472294596.2593708 3421135998.9824362 3493164510.6383991 3526655229.1268697 3368217892.5537047 3543860039.3321362 3684653936.0621533 4097896233.9079852 4109348983.661283 3921038018.7208734 3784683279.2931871 3724098929.3104792 3605702881.204906 3586972936.6460738 3534267926.2790723 3562167929.3933187 3730954089.5267091 3507191541.8651614 3388678926.9051504 3313018337.7317762 3258735303.3507199 3175738674.0280919 3160861799.8113103 3213789933.2892008 3100140278.0671372 2944074952.0783777 2860842921.1374621 2803185032.3097873 2709360678.7969012 2795513715.6005063 2748068612.4452186 3141750979.2996225 3143977815.629035 3106917845.6204405 3052711231.3727894 2819112610.9445353 2737370256.8394642 2663208173.8361831 2761228180.5783253 2763848313.9742212 2811483059.8265371 2364898072.439836 2241325872.0784144 2239897022.9984589 2424276176.2418957 2147252220.047806 2045703926.3122458 1912865347.8209336 1942479210.7070613 1863352235.4432337 1731588370.189857 1691194313.8022203 1629791803.4874291 1664845440.7195497 1613290446.8795629 1614063368.4647846 1508395496.8414991 1424749556.7618043 1411196248.2340891 1430552953.2284913 1443325926.671778 1320177492.927949 1271019711.0724027 1230252847.2623544 1397170994.7486503 1414314596.6317034 1426368830.9379833 1345935250.201467 1317701664.291384 1360518734.1909661 1399824677.5957377 1304674503.051403 1266765372.1681073 1205498380.2150335 1185908515.8540444 1230922071.3433077 1295673866.9975896 1287723500.1852803 1142047655.936126 1153341976.8175273 1166101997.2337058 1076910433.4921224 987793802.89566588 986953992.31117725 940370623.76578975 986672686.64536643 953233915.14391315 911291367.27859712 903554563.79892385 878915777.21991551 777994459.50114548 809486556.45776498 820046879.08720636 789069643.78579998 729315369.03721523 702085002.30544078 673933821.07915378 707958881.68316603 706137657.20449591 737247153.29996181 681711052.23369479 697490309.05214942 704698179.84535491 674419950.91128099 667996902.46422827 720969692.13701737 744353021.04459 730996581.19083929 682243985.35785449 675486720.82831395 696532676.46145892 716826420.07377231 681011078.33227527 664399191.12672627 703569968.43368423 728204635.16198516 701393908.29756117 694307017.20424581 668280834.84895325 713685724.43632519 712978795.34879327 747838796.60858202 695816096.32568836 737177032.83633673 802397502.22651708 779551844.11745691 751408211.52749979 777338360.2054323 816609431.76920056 801454289.14137912 810283399.75684607 726122989.0968188 714513643.62234151 801778366.47056949 772730788.11927319 740284167.96183109 743764412.0231868 778358893.30587327 830446531.64248466 750826146.16300213 743185341.94460607 716175547.63920438 687509741.02298069 700879868.63304853 768591799.96461046 742017247.58653343 690797447.46814084 721322989.47076201 754216154.69771409 780665341.81267011 784174352.00359404 722624958.26225328 782002863.21877563 864980006.22821319 775544073.30989218 729464190.17081225 691291529.54372752 726913841.26524639 724689312.08307624 667318025.1060766 631492111.533687 674722854.5720197 686691894.15415049 619474355.33487809 601995936.52064884 655988121.33372092 635192155.17138851 618230168.61862719 610055335.18492067 606918896.91023171 550018878.59661293 552020457.54723501 582779674.24602532 572403621.79264951 524842754.88987374 509273682.23817921 552781465.61749029 577546759.29552794 531454415.38115245 509861418.23423398 492277657.62320566 519402267.80854446 495397278.44048083 486289938.08411753 467901862.2978006 482393469.93313664 476992460.69905663 448946696.22271973 466511251.22859746 479497333.05146599 488616525.8797273 427567719.54055864 439589216.03551608 418841712.19913673 426823546.6419909 444905781.24312466 437242938.3205058 439954210.78053474 470171608.09140259 489247205.31494415 431217475.42580074 462802452.3414802 475724037.77290964 459457553.81222475 469158909.87545633 445837646.96269149 460394946.30600518 493670081.01088613 448104917.1599142 472591797.98110104 500691195.52103513 461031625.43029892 423661882.18100268 414510991.95645481 404148751.83429247 379639789.87245947 374305224.68216479 327163480.69537485 347704801.36695862 361882157.50599724 331866347.63980293 320868722.28396761 343537191.04585773 313032402.1051507 317266453.84706861 370346573.07236153 317970537.14325583 336523997.61955887 356371539.70304507 317258160.51391721 336413710.73836815 346259331.81844229 314248033.07370794 291569624.48676157 291561129.4041571 347377157.27109486 303737008.38335991 281275041.50809693 289526834.20387119 278617756.60591096 273582806.98769051 280920242.79999989 320150052.28314018 308705899.05972785 300565319.74290586 314122193.81631511 296312986.40580708 313172032.2818473 324282042.77272266 295257631.13203853 308561670.62247521 319543069.77964133 346991251.18421346 323245948.30839664 308537620.46254885 323136982.19349635 287555754.7127105 293870013.13626808 306717101.61228943 325532399.72515291 314191763.12101179 324427693.12066275 330969697.46930897 312198447.60966063 304684575.94533545 299764515.44274503 323581393.77840614 282525407.47679442 291614365.16046584 283784401.51456642 279672296.77065027 259632301.27620268 269966752.38169062 267028451.01173091 239599907.32409453 240008632.92082298 250949264.10369262 242114020.90953636 213072278.87222135 213112884.71187109 232193583.32864675 231355589.22239843 225524519.99430591 241474234.57168019 254749147.46510103 225018074.85708779 250577752.7553685 214814744.70470071 202874525.03188032 230598620.94832093 