# Created by Octave 4.4.1, Tue Oct 23 15:05:23 2018 GMT <unknown@DESKTOP-2HE4KPR>
# name: list_error
# type: matrix
# rows: 1
# columns: 1972
 14230948937600.746 6960009201891.7021 4349409538755.9282 2952131586012.041 2188070641283.844 1657954696104.5496 1327579364485.2854 1017768465889.6514 814780994101.36914 681782057695.95398 579897842669.31763 518240113880.48584 468061238838.05878 395212333664.09076 351556701081.60614 326305282189.76172 269296772908.00616 247189160903.99182 218666780628.6929 207670446829.67346 182348468281.35532 172703015305.2948 153272264969.10449 140837862157.67566 134443259829.36148 122725346502.42432 118161105636.00056 108870561653.58057 104311676412.78548 97374997553.890091 88120631032.104019 83367809530.394302 73690435491.444443 69835612265.600739 66227213357.962303 59984610577.427116 58008328583.013176 56282746796.24073 50861332020.649551 48936332270.739861 44143157559.939354 44055388750.28688 42127868025.674683 40074532397.644432 39665488714.635239 36596733439.415512 33432720183.360275 31132774228.103439 29219487222.891655 29781806487.322926 29724659831.233677 29420808017.111744 26717785880.751167 26393175321.26368 23854319563.584324 22500946426.994705 20767992248.533535 20314455866.331665 20045636342.060028 19151990096.984001 18815128243.58334 18740381537.303471 18571187896.257778 17930410485.478138 17612096194.257572 16645462637.176392 15501284239.755798 15192573798.025118 14413217704.346289 14599814112.635143 14231632889.331068 13651300951.285347 13963331396.200483 14317623121.057215 14528040707.957083 13885123331.301023 13131000068.342777 13050995258.135073 12274165184.764606 12012653146.001606 11948212993.317087 11925214604.225338 11426485441.791742 10773122193.239714 10130807019.14217 9509629408.4932022 9295336718.2227879 9280877929.5184765 8788794150.4270058 8680384890.1713676 8834573230.582304 8821429253.2975521 8649950410.7921963 8315922072.5135069 8282002457.5524368 8182579339.2762012 7886946138.2956963 7553967897.8554459 7390240643.6774998 7101810061.7006721 7336679661.3749266 7042608507.1749477 6829747702.1656532 7112190396.7348633 7186020966.2038918 6972474254.7475023 6682362107.9483404 6607900916.7931528 6597811952.2551899 6147550301.7650766 6087784611.3180161 5932208402.9025412 5408690259.7679214 5608543445.6663542 5568738704.1343298 5637647331.7136297 5355325543.4513674 5089974170.0717421 4673182046.001976 4728892496.2470608 4678296993.7369356 4664797587.978302 4732301401.0459929 5013716649.2595587 5057704835.3333817 5094392401.7262115 5124206680.4704285 4841016774.9999714 4772688965.8775663 4397732125.9484816 4386365636.5644245 4103514040.4206562 3943815332.6161098 3750293726.4384518 3587782897.4284644 3476181188.8773265 3377774487.2782445 3369380911.2632179 3413177739.7953596 3414034456.7050681 3456803272.7891688 3334450204.7582293 3347960196.7972589 3214394922.8684912 3239917545.4416256 3141072535.5571332 3000431643.8235536 3018872384.8720179 2937761002.7655706 2895054136.9514389 3008790123.578867 2849013054.0699973 2772481051.5672479 2599970547.2850728 2516160433.2302108 2452345878.501678 2667095992.1750689 2632464757.7200875 2542556227.2674041 2706542504.3813362 2872921792.7803955 2842475117.8248758 2670418802.4698973 2586929947.7421794 2497429196.5678844 2535944433.8827929 2594007875.1302876 2598572936.0031853 2582539868.8790331 2427892758.0317206 2341473528.7907534 2307013737.6546021 2363015344.7092772 2173159904.5536494 2171610178.3573127 2067453149.9210565 2047668946.4526608 1999377817.2864149 1863879009.0108023 1891836832.3409727 1876009007.7062466 1890566796.8645744 1904754190.5754323 2026774688.8255322 2132775872.1256959 2014186345.7615342 1965330310.450165 1840362464.2715838 1791390451.1387789 1835014061.4592638 1916789369.6553717 1923684687.3442473 1828763801.0424349 1869489775.0710022 1770786625.8319523 1750720255.8152308 1830235838.2199411 1847217370.3067837 1850394315.3845048 1760285020.1116679 1803548435.2300563 1800562815.6649749 1650399994.189075 1655080855.3695481 1570889642.2133253 1510393295.3581967 1479779580.7360852 1490063756.9400868 1496767789.5858226 1463832642.1722922 1385638386.5317771 1387949644.8755481 1352392435.953584 1307809861.552568 1332818543.2477906 1287246313.6166542 1275920395.4140007 1317009985.705266 1337480488.1212554 1285124969.7912495 1309238403.483247 1273347775.9079916 1305066777.0347285 1340521979.602139 1289053779.8138309 1295810518.7954631 1246824415.9055262 1265622658.6347387 1271771513.9626436 1249059076.1616585 1147328851.4321887 1141445146.6950839 1152115206.012022 1187325813.4171758 1150303804.9839017 1159178086.5699654 1106779878.529753 995656559.14362812 958691685.39712894 938833707.2613517 973041716.18767834 905016422.45990372 855829885.05653358 831736439.23639369 931210733.01587808 931588245.17414832 903688648.95181501 912193008.14061832 879136453.1846962 816834658.87332547 815420239.41695976 816775993.00990188 794112707.60092795 810014360.75202382 875166987.46361208 927530265.82398999 872666644.62782955 877510756.71259129 909809403.62603366 891490614.16551232 867166951.59410632 860174250.23101115 800625745.18194413 781468794.31663644 749330945.4783442 836303851.92529106 796770463.60984731 793622564.5849992 830042410.08022535 879369126.50151706 795532267.87866879 823070316.27460015 843868205.41262364 828533880.24711096 849080067.51692379 871839154.21954226 796888643.13517427 754063170.33134389 727798868.74092841 735515737.24605 706478004.95083833 710724502.3567481 734077917.87767804 687676230.56814957 664628611.9762851 698685224.38043106 702123592.99568987 703264970.74303174 684159886.8852334 690673418.98979855 659251537.51482236 692934093.48936999 682263987.94984186 665428843.38854134 677802277.01529109 747935624.20706344 749258229.6250838 702499870.84007883 713980260.50156569 685920338.35063016 725734950.363482 721919790.80916488 674915005.82565057 664406644.44997597 718358207.82021928 724583785.42699361 732781059.44661355 704635150.33965313 769643124.6669172 741976184.43761241 702924298.15680778 730944060.55822945 797539223.18222773 801084423.22958541 756126619.53844702 701675911.79860687 708737302.16684318 753675837.2922076 729142317.66287017 700073298.56022704 702302554.27940512 747832354.23408127 805708110.42369831 778620860.18002677 724817889.08013296 683357160.39402628 681509361.93134761 668504117.57153594 685072452.44670916 676868680.64416635 655060554.20151651 628313246.58692539 576485148.71976697 592505560.15031826 613864585.06725335 575237875.10861707 607497963.87062132 602975046.52109921 588125015.82432902 596374809.75924981 631728539.85989165 682372826.06353521 660443945.92048049 639110154.06375384 595774947.6320622 613756411.6155448 643952425.00268877 633291942.87721908 621727205.02116263 584257104.18096626 580803968.93787777 605862634.63399756 654450411.58719516 612999838.10324919 618961933.48048973 646307659.67245471 623330788.87168646 596593688.57697141 564803301.93920636 551742579.13885522 592667993.61454213 578031987.17054582 571927499.15219259 613045931.77255809 588937146.97451985 563927690.59979606 557984748.25882649 618342169.46204817 634763171.90327084 608804605.73098564 643934376.45930171 662813651.64927042 638883185.57959104 636427764.06682646 638620093.43865478 591446720.10121155 625702342.67061865 634266516.36307013 642341896.57239151 590220353.56880689 591204021.5034734 617234635.86634541 616877531.14111745 563132129.02240121 550083395.56919205 539570304.79249263 575730833.41512036 630691148.57405412 596602901.56326604 560601519.58921683 611102715.69663882 592747482.66416323 575000111.90915668 600002588.45378208 647971150.10827351 709767709.7753948 616215764.79507923 642007887.56362939 622023927.85206008 553855957.34979188 541992755.345837 557811689.97277009 579232522.74236786 515309116.57940167 555878342.83103561 546536176.73509955 491343799.83198774 474720708.29735112 486979195.98734617 454155571.07949442 462763374.06670427 477931602.20875055 468755454.13519561 442329443.22900993 475148030.9057253 