# Created by Octave 4.4.1, Tue Oct 23 15:06:17 2018 GMT <unknown@DESKTOP-2HE4KPR>
# name: list_error
# type: matrix
# rows: 1
# columns: 4159
 43586176755810.664 21761076979695.234 13209623857455.201 8608965733634.4209 6234803186665.8115 4467937460269.209 3403075341318.2739 2737115019511.835 2322531037107.2046 1987269028979.9902 1710471194350.4502 1504927270191.2034 1262799133638.1885 1144220577414.7 1017568862593.4617 886055713735.6521 764606612792.60779 649578731542.49744 592957040053.16431 520361798193.67859 470835398488.05286 436019224063.17596 410503595832.23175 359478281663.38123 328779510583.14008 305141150028.82721 283555652356.94855 277158527466.18616 258357976334.17947 240218198358.76212 228498221822.0253 228108113435.13153 218529068515.95941 205839475376.84424 195165911354.23511 183805425332.85657 173830183158.99286 161327168067.04654 156141802451.13608 146888722105.31476 141442040347.7417 134624767095.35638 127783959611.32274 124062055724.81395 117390296653.42801 114402931468.85414 107760009802.03682 106991538010.86229 104166939576.34222 98828810435.657455 97621289293.037674 92009505797.505692 89517910000.130539 86540361266.158707 81428947108.213242 80338026656.119308 77483253013.305908 75437861092.933197 74626318558.702744 74108232204.392242 71928824773.263702 69447293751.888977 67506017847.18396 62615734350.060646 60990529557.379501 60899887953.557259 60322469709.148796 59442022365.582336 58833305155.908867 57730040178.732872 55941272542.937363 54903700873.998077 54088028958.015465 50941497779.342491 49093676876.67717 46916531900.592026 46075060253.140549 47266033026.720543 48218407405.847542 45952948861.738892 46965849193.787773 45829286121.076195 45830296255.552048 45319122039.495872 44701011516.374466 42239624634.703453 39364538231.413391 37168746060.68026 37570808422.450653 36543248257.397057 35039651855.937019 33565289702.382263 31776349356.950531 31449438780.744534 30991733902.73991 30697751341.669228 30023070344.609287 30406843825.946674 30063741527.146751 28666701933.262863 28368257124.689064 26698364367.082577 26927012192.567139 25836330403.107113 26666200103.245426 26042612539.493786 24664581206.298618 23521998767.946651 23258736559.642597 22152836197.021584 21258749779.866123 21149690138.496159 20255668435.52803 20682996672.548325 21133932174.679546 19984068144.603706 19162606598.258385 19283749809.873154 18347844117.975685 17962571803.378677 17719366804.534813 17799931574.364899 17916833466.818924 17676625938.078026 17182236180.57851 16565728924.738369 16064930714.93845 15989295616.808125 15545887500.628773 15431591527.177441 14432572246.942396 14735123423.912138 14969260637.237511 14818234172.042868 14739817433.323698 15013336867.159864 15030923053.880903 14834237298.130587 14221575438.583961 13836437648.42444 13327796571.896145 13715850455.912882 13966236735.556406 13545365317.569422 13433878763.022036 13083234136.019909 12836065573.148645 12277819098.655983 11744666890.896135 11380397507.997561 11354518278.424587 11144252395.699545 11078845384.632587 11084574051.38715 11299702913.191517 11022514390.072647 11161673726.665401 10905747338.262722 10774420884.491894 10479272326.898932 10695098769.42926 10567991581.224865 10179527205.229448 10147297801.362215 9784048182.1970711 9513197888.9223194 9603678318.7155781 9640114864.7162933 9342638501.7135754 9304207865.3317108 9634186950.7184658 9816666506.1283169 9723362464.49123 9559884719.0560646 9512457732.037796 9387303332.6081848 9359463664.0137882 9516544021.6058044 9761782084.7415504 9211158008.8423843 9154124726.874548 9243535344.7286911 9002024056.2111797 8616471258.0162926 8568724424.453618 8373501558.634901 8338700931.0234509 7967137649.9132643 7890106109.7397184 7675988553.5781755 7539935008.5221272 7279727643.0734396 7036453423.6201448 7203070194.8313932 6999745731.7277594 6929755239.3755999 6963740820.3115311 6809173209.8369904 6763658277.5562468 6603187655.3740635 6348516768.5595322 6377641403.3576584 6516023454.4591055 6630536431.9837942 6439597230.3411379 6224536572.7209454 6329747948.932271 6435548800.6603727 6344818996.5878868 6220982591.9270668 5989922353.667057 5860865975.63554 5744316734.5852022 5659093769.490818 5461429957.9292793 5418730546.2562723 5297105979.3475704 5328701352.4260206 5267489839.1778927 5462953736.5270767 5480513434.388483 5452028292.6860609 5474546635.1047182 5318258704.6987629 5565937788.5936499 5497294277.4721174 5323317926.4275112 5268572344.3595772 5288066544.5793047 5185970243.9187679 5208039634.5861959 5202736793.1375284 5232159265.0960245 5287234397.6783428 5282942805.2682924 5201537760.9033508 5221605963.4554825 5086220267.8744297 5224289358.6327858 5209283368.9717512 5013454483.8703671 5138796665.761651 5008369317.2862749 4990819546.017355 4725522160.1889553 4640368877.3195467 4340985335.7194748 4226174870.161839 4104869246.4879022 3938731854.7809572 4004319616.498457 3993788973.8673034 3965229530.3518996 3929273367.3687654 3927685953.9971032 4004566633.4948683 4055398223.5601683 3932440149.128005 4018881293.1096373 4143553610.2230625 3995039637.0737653 3911018891.5673466 4067317562.8915105 4169013363.4422984 4083322204.7028236 4158187442.5037098 4183364998.2875409 4251893181.399766 3993148025.8689599 4121342700.5206861 4019829146.2767091 3983096707.913321 3842328674.0921888 3784158462.5860724 3715147105.4071794 3516850084.5580168 3248163851.2504072 3273976107.0723948 3324523992.4507041 3269904777.7628236 3336442832.7964964 3272651878.6736445 3398923220.0307593 3391923898.8858128 3396923598.2017312 3288282987.4912868 3171255411.9949327 3136414259.9496188 2977319926.035079 3006956746.2806187 3016852319.0667801 3108538225.867456 2956830641.8110914 2841230605.8580837 2793482616.1640086 2821649459.1971536 2837573664.0651164 2832726703.995472 2788948428.2741113 2761868275.1297092 2718737663.4181237 2740827691.2180991 2698619128.7456269 2698915065.5321593 2706550970.9719629 2732192213.5480385 2692495331.4126554 2609134736.4395075 2630429225.1696873 2590903491.2051721 2505479628.7268653 2416827926.7110114 2425380815.3033123 2395220188.3611579 2541167111.4948597 2520340588.1976752 2512513948.7789149 2446213273.3853688 2363939164.5866108 2435937874.7545137 2424475787.9557972 2331043882.4356103 2331194896.2886825 2329288267.8425784 2286921055.0426183 2322139638.6414852 2237255574.1871076 2188823936.6709595 2305151231.2238131 2276462789.7026997 2323592495.2519202 2220355313.0431013 2198047081.6756496 2170388477.8739343 2213307436.3115215 2263341803.4422765 2274206456.8035207 2257219642.4138436 2260749735.4947777 2250685149.3782568 2350657620.3706903 2355404288.4988966 2498160545.5926399 2484222514.9650588 2627087011.9662867 2616933549.9839272 2488117624.2657862 2444530334.9953775 2443097219.2919159 2453865656.7772179 2450893422.8276582 2452287909.4148607 2311286210.0019913 2324191027.8724842 2392986041.7867584 2438625202.1002541 2501993333.334734 2532176937.8344517 2385714090.6203976 2276105642.2621589 2327311300.3462334 2274915088.6200352 2271702435.1463747 2217911148.8047004 2185718380.0843635 2139988842.3855491 2169780026.2609468 2155142186.349741 2257617907.1266284 2264488153.492578 2266402849.2269282 2376059163.429493 2325380009.7960486 2384027916.4267931 2413958799.8798361 2312034479.1737218 2218716611.6766291 2204304075.8608241 2205009721.2483191 2167290430.2876201 2168432674.8046141 2171558729.7996125 2222775352.683784 2199781761.2142744 2223688713.3475547 2194800084.5002923 2147610497.02598 2113739809.9743423 2150415564.2012229 2079074819.4233356 2187163009.7676406 2057510511.1364522 1932976355.4683897 1908071264.7346456 1878613136.2026095 1903897752.3155358 1779862736.3734894 1679141102.7457156 1722675583.2963824 1707496040.9282341 1708219335.6522758 1665946378.2847979 1629715326.119523 1511332295.6923904 1415750343.2949951 1434671391.625742 1423530414.2500398 1502337868.7067308 1608684622.4228885 1559887937.3661869 1537915234.7242653 1515283849.8367581 1519265533.84112 1553881797.8158686 1535110315.3893263 