# Created by Octave 4.4.1, Tue Oct 23 16:29:20 2018 GMT <unknown@DESKTOP-2HE4KPR>
# name: list_k
# type: matrix
# rows: 1
# columns: 3
 1 2 3


