# Created by Octave 4.4.1, Tue Oct 23 15:58:44 2018 GMT <unknown@DESKTOP-2HE4KPR>
# name: list_error
# type: matrix
# rows: 1
# columns: 2
 49272.719208764531 2.8674057893361803e-05


