# Created by Octave 4.4.1, Tue Oct 23 15:55:50 2018 GMT <unknown@DESKTOP-2HE4KPR>
# name: list_error
# type: matrix
# rows: 1
# columns: 2
 2181.2470172051294 1.6899838184287258e-07


