# Created by Octave 4.4.1, Tue Oct 23 15:53:48 2018 GMT <unknown@DESKTOP-2HE4KPR>
# name: list_error
# type: matrix
# rows: 1
# columns: 2
 152.86965729870269 3.0144040580082506e-09


