# Created by Octave 4.4.1, Tue Oct 23 15:54:42 2018 GMT <unknown@DESKTOP-2HE4KPR>
# name: list_error
# type: matrix
# rows: 1
# columns: 2
 5681.3470456696468 2.6021646406604726e-06


