# Created by Octave 4.4.1, Tue Oct 23 15:56:43 2018 GMT <unknown@DESKTOP-2HE4KPR>
# name: list_error
# type: matrix
# rows: 1
# columns: 2
 1336.874308831349 4.9937043040968306e-08


