# Created by Octave 4.4.1, Tue Oct 23 16:12:23 2018 GMT <unknown@DESKTOP-2HE4KPR>
# name: list_error
# type: matrix
# rows: 1
# columns: 2
 94008.321499179656 3.0387256551464442e-05


